weekNumber : 1081
accuracy : 15
health : 63
T_GD : -0.000000007916
IODC : 795.000000000000
t_oc : 374400
a_f2: 0.000000000000
a_f1 : 0.000000000002
a_f0 : 0.000091311056
=========================== case 2 ================
IODE_sf2 : 27
C_rs : 16.656250000000
deltan : 0.000000005648
M_0 : 0.836569718258
 C_uc: 0.000000832602
e : 0.005512800999
C_us : 0.000006329268
 sqrtA: 5153.763521194458
t_oe : 374400
=========================== case 3 ================
C_ic : -0.000000089407
omega_0 : 0.531083943218
C_is : 0.000000027940
i_0 : 0.928615084294
 C_rc: 240.375000000000
omega : 1.297006899966
omegaDot : -0.000000008702
 IODE_sf3: 27
iDot : -0.000000000147
TOW : 368646