channelNumber : 2
weekNumber : 1734
accuracy : 0
health : 0
T_GD : -0.000000010245
IODC : 234.000000000000
t_oc : 374400
a_f2: 0.000000000000
a_f1 : -0.000000000004
a_f0 : 0.000033434946
=========================== case 2 ================
IODE_sf2 : 51
C_rs : -89.750000000000
deltan : 0.000000004507
M_0 : -1.217327211799
 C_uc: -0.000004474074
e : 0.008297761553
C_us : 0.000008987263
 sqrtA: 5153.611902236938
t_oe : 374400
=========================== case 3 ================
C_ic : 0.000000163913
omega_0 : -1.471953805950
C_is : 0.000000122935
i_0 : 0.964728829217
 C_rc: 206.562500000000
omega : -2.202224302179
omegaDot : -0.000000008046
 IODE_sf3: 51
iDot : -0.000000000014
TOW : 368658

PRN   :   17
weekNumber : 1734
accuracy : 0
health : 0
T_GD : -0.000000010245
IODC : 234.000000000000
t_oc : 374400
a_f2: 0.000000000000
a_f1 : -0.000000000004
a_f0 : 0.000033434946
=========================== case 2 ================
IODE_sf2 : 51
C_rs : -89.750000000000
deltan : 0.000000004507
M_0 : -1.217327211799
 C_uc: -0.000004474074
e : 0.008297761553
C_us : 0.000008987263
 sqrtA: 5153.611902236938
t_oe : 374400
=========================== case 3 ================
C_ic : 0.000000163913
omega_0 : -1.471953805950
C_is : 0.000000122935
i_0 : 0.964728829217
 C_rc: 206.562500000000
omega : -2.202224302179
omegaDot : -0.000000008046
 IODE_sf3: 51
iDot : -0.000000000014
TOW : 368640